  LineNumber Hit0 Hit1 Hit2 Hit3
1         68  216  160  124    0
2         86  216  160  124    0
3        119    0  284  216    0
4        123  216    0  284    0
5        128  216   58  226    0
6        130  274   37  189    0
7        143    0    0  500    0

[1] "Transposed correlation matrix:"
====================================

     |  68  86 119 123 128 130 143
-----+-----------------------------
Hit0 | 216 216   0 216 216 274   0
Hit1 | 160 160 284   0  58  37   0
Hit2 | 124 124 216 284 226 189 500
Hit3 |   0   0   0   0   0   0   0

- - -

[1] "Correlation matrix between branches:"
==========================================

    |           68           86         119        123        128        130          143
----+-------------------------------------------------------------------------------------
68  |  1.000000000  1.000000000  0.24093712  0.4799911 0.68904097  0.7370515 -0.007283764
86  |  1.000000000  1.000000000  0.24093712  0.4799911 0.68904097  0.7370515 -0.007283764
119 |  0.240937119  0.240937119  1.00000000 -0.0178362 0.05574346 -0.1968422  0.412746167
123 |  0.479991142  0.479991142 -0.01783620  1.0000000 0.96651319  0.8876227  0.721171874
128 |  0.689040966  0.689040966  0.05574346  0.9665132 1.00000000  0.9488719  0.593635129
130 |  0.737051547  0.737051547 -0.19684215  0.8876227 0.94887186  1.0000000  0.331603992
143 | -0.007283764 -0.007283764  0.41274617  0.7211719 0.59363513  0.3316040  1.000000000

- - -

[1] "matrix of p-values for each pair of branches"
==================================================

    |         68        86        119        123       128       130       143
----+--------------------------------------------------------------------------
68  |  0.2133093 0.2133093 0.23810331 0.23810331 0.2133093 0.2133093 0.2614641
86  |  0.2133093 0.2133093 0.23810331 0.23810331 0.2133093 0.2133093 0.2614641
119 |  0.2381033 0.2381033 0.09157819 0.28729750 0.2381033 0.2381033 0.1353353
123 |  0.2381033 0.2381033 0.28729750 0.09157819 0.2381033 0.2381033 0.1353353
128 |  0.2133093 0.2133093 0.23810331 0.23810331 0.2133093 0.2133093 0.2614641
130 |  0.2133093 0.2133093 0.23810331 0.23810331 0.2133093 0.2133093 0.2614641
143 |  0.2614641 0.2614641 0.13533528 0.13533528 0.2614641 0.2614641 0.5049851

